"","V1","V2","V3","V4","V5","V6","V7","V8","V9","V10","V11","V12","V13","V14","V15"
"1",9.99474425527384e-28,0,2.4899854662523e-288,0,0.000966278669140762,6.2719582169424e-38,5.78011936008485e-62,1.16390458833551e-34,0.999033295436919,4.3651243565508e-198,3.30773260609201e-86,4.93221744117049e-176,4.25893940356074e-07,2.97155927635367e-223,1.40710048834301e-36
"2",3.40096844567244e-36,3.16867677446853e-90,2.15026962251633e-57,5.62338772765566e-226,3.86141126299994e-25,1.05835299297453e-05,7.75034361263352e-11,0.999948879719496,1.17033089236707e-27,1.05486937733687e-08,2.62231972916306e-15,5.76141580785364e-69,2.5844133996487e-05,1.25671633443428e-125,1.46819903779938e-05
"3",1.03526003193525e-12,8.50150760736017e-87,3.84844956901675e-39,9.15605278921018e-206,4.3212452444822e-11,0.904012374140949,3.56881927111891e-20,0.0809789287833498,3.00380104748039e-17,1.70859362661823e-14,1.58568260689096e-19,2.29813798405224e-63,0.0150086970312218,6.99861913448012e-74,2.1486126052351e-13
"4",4.66694443086519e-51,0,0,0,3.14790777567305e-12,2.16815523454939e-44,2.35569007631318e-55,2.6798102585094e-33,0.999999871512989,2.47008307704577e-213,2.1875865920026e-91,2.13699412589218e-196,1.28483862747975e-07,1.78331420544761e-285,4.41262279807718e-29
"5",0.00329594569791153,3.89074441081223e-11,0.989658323558489,2.01466321490632e-34,8.33617763504361e-29,1.10845752859894e-20,1.6673333413253e-38,6.33259274173749e-40,2.30425965221599e-89,9.21689777403417e-08,4.80372108577151e-11,1.45028891536332e-14,5.24400220658674e-34,0.00704563848766262,1.48285824723282e-44
"6",0.015408228030485,2.02727289875229e-16,0.41024996627546,7.76884264644642e-57,8.43292317071523e-26,9.34066007640011e-07,3.67900558711832e-24,1.04980680658554e-16,4.53554949745758e-74,0.574296606763598,4.4264864448761e-05,3.05426404465752e-22,1.27556566234277e-23,2.38264673533968e-18,3.32520866724864e-26
"7",4.73845487347917e-33,1.05056142221853e-100,3.17260374245126e-62,8.03733316930107e-238,1.80469139451393e-19,3.31518409296316e-05,5.22718590609917e-14,0.991397038205608,6.25689786712321e-19,4.55448065384248e-15,6.38329914381456e-19,8.47575614204553e-73,0.00856282389716445,1.90870258889714e-122,6.98605624117565e-06
"8",1.0798079628179e-109,1.31643492150883e-130,3.7648541306143e-145,5.62392705718488e-284,1.34605798854263e-66,4.64938317218825e-45,0.101900395515024,2.89486355767932e-08,3.45469077435359e-76,1.05156997361946e-12,1.06359618228624e-08,1.93332196944418e-86,9.41892493813861e-27,9.22113231457976e-266,0.898099564899327
"9",8.87828671446201e-06,6.00971884183625e-41,7.8792598794777e-10,2.89195830112961e-115,6.6359761287722e-17,0.751515468503555,1.95050016301322e-18,1.2197584573127e-05,1.82584775910988e-41,0.248463449547819,5.17920700169994e-09,9.04573202443891e-40,1.10205402342599e-10,4.94115344770953e-40,1.1238572986199e-18
"10",1.0579817173674e-20,0.425600820669135,1.19935025744186e-07,0.00588250538665604,1.17593142929916e-56,2.27059278410113e-66,9.83065593491616e-46,5.20318794135576e-81,1.41870210323459e-191,3.6120815814032e-34,8.6913007018959e-15,1.61743716584418e-07,1.24331804818983e-77,0.568516392265457,2.05615338083445e-62
"11",0.999905700933153,1.70972094166499e-81,9.90786818494664e-32,3.04536338523004e-159,9.4299066754815e-05,4.5726703870895e-19,2.35734500721046e-51,2.09798440811323e-42,2.53083627213539e-27,3.93506162168728e-25,2.25962108909395e-30,7.80028347790591e-47,9.18719252900894e-14,1.07467067655098e-21,2.65990483087568e-49
"12",1.96687138563105e-22,0,3.07652758349267e-295,0,0.955601202460167,1.14218415642647e-40,1.89640800757994e-73,1.93783030566106e-44,0.0443986341078649,9.60129300025809e-199,2.29242565051977e-90,3.89437948563085e-165,1.63431967876061e-07,3.35962474825696e-192,7.02354159572473e-48
"13",4.84283716599077e-20,0.290019107277279,3.1068169059611e-07,0.00447966624793166,7.35938322280079e-56,1.6807358988915e-65,3.26717365645891e-46,1.67833384294469e-80,1.08357512901204e-188,5.26993177332714e-33,4.65390750201242e-15,1.21883058331866e-07,1.12596256257342e-76,0.705500793910035,2.66506874341437e-62
"14",4.49936549410079e-27,0,1.39283413294262e-267,0,5.75337091978045e-05,1.30668697968062e-34,6.15200253231873e-57,4.51386550867645e-28,0.999858421342964,1.07170048749182e-175,8.15626930737513e-81,5.02820457993655e-167,8.40449478384056e-05,1.50634794939494e-210,5.89159581588995e-32
"15",7.54242193234555e-08,0.000245237759055431,0.999602310696378,9.02594326129538e-21,1.6964084430455e-38,3.59303529171434e-27,3.67285767948395e-35,2.51403457869297e-42,2.96160535038935e-118,1.57153296929885e-08,1.13557121429065e-08,2.99456297159681e-11,2.29667270368892e-44,0.00015234901935994,4.44990504577263e-43
"16",1.70321871690175e-13,0.71981760058248,0.280177799886279,3.17505878426342e-14,2.78412215967519e-48,3.18244706759979e-36,1.39941867927158e-30,2.82592516879275e-46,3.13426244868281e-153,5.72458956041242e-14,4.43239322469521e-06,4.53917121010721e-10,1.3655969007816e-56,1.66683839963251e-07,5.58423554598758e-41
"17",4.58154305289764e-10,0.000447852219147397,0.000957708376276193,8.32702598774668e-13,9.52363096861318e-41,1.07039730944949e-45,2.76669038072177e-47,1.12964262132875e-64,3.4819411919393e-133,4.44525797858886e-19,9.10945294394407e-16,1.0513557310877e-08,2.05260417719905e-56,0.998594428432031,2.63323564076798e-58
"18",0.00102044062975534,1.18448472865524e-36,1.92491871370494e-07,9.98987700715443e-105,1.19008169737855e-16,0.549891031147214,6.53026822916577e-21,1.00873983684187e-07,8.98111187249506e-44,0.449088227669989,7.15688855345755e-09,2.55455948990844e-36,3.02974335356428e-11,6.5051261280097e-33,5.68814091181701e-20
"19",6.61713429518995e-09,1.2146248929371e-35,1.11523149645131e-56,7.41119363006792e-12,2.52484381305747e-39,6.8125213005005e-127,2.49563080161561e-86,1.01805997628408e-142,2.47419241904108e-161,7.18620939796613e-64,7.71652442080431e-43,6.33655943169051e-05,2.41866113817174e-92,0.999936627781138,7.32089864461664e-104
"20",5.234011841737e-77,3.52534207286245e-41,7.80373902524868e-159,6.50777663134921e-05,2.22121803229021e-117,4.03214345597813e-281,5.73918733542226e-93,2.99981640578432e-265,0,4.537104907161e-224,2.73059435459384e-49,0.999934922233687,4.68386647669697e-222,5.32303200505762e-39,2.65119423785283e-147
"21",1.58598435130567e-23,0,4.97273656690437e-277,0,0.0294670343351508,3.46826878282031e-36,2.34542883982245e-64,9.58747440259723e-36,0.97053100758931,1.02100799060252e-191,1.45565377623125e-84,2.73454151253385e-169,1.95807553892799e-06,6.86841798900278e-207,2.50373499648841e-38
"22",4.05491525382708e-10,8.10543553713677e-11,6.60620880679591e-15,1.78617111234954e-12,6.57372338378194e-40,1.02657868742586e-65,9.4819974994984e-61,9.66685317669953e-92,1.86028104106798e-140,4.67789277037459e-32,1.65198493719249e-24,1.09899282064449e-07,2.58689286672127e-67,0.999999889612379,1.05785155225227e-72
"23",0.0385237911176127,1.00374059516623e-14,0.889661333042016,2.93031905864513e-41,2.51468454378587e-25,1.10708063368191e-20,2.03975273459744e-40,7.14000137775143e-41,1.78427759006093e-80,2.04600564338821e-08,9.65506362880551e-13,3.66280528090504e-16,1.61029171430799e-30,0.0718148553793391,1.95279021510876e-46
"24",0.0114699752320393,3.60987632254251e-39,1.66595866635176e-08,2.07078355783928e-107,7.01429823784232e-15,0.823525543034762,1.45664045840634e-22,8.90317202664831e-09,4.05302528170729e-41,0.165004454901205,8.26899018687323e-10,3.96053628698604e-36,4.42328556705476e-10,1.21689711906203e-29,2.59108221566355e-21
"25",1.01513932133225e-06,7.54327833615129e-12,0.0312685306297528,1.28627941467667e-58,5.81859460689573e-32,8.28554363633561e-10,2.52772215289304e-17,1.43806233470621e-12,2.56023757881246e-86,0.957609002160232,0.0111214512331584,7.88811314897837e-23,1.31155980002804e-27,5.29127231322724e-31,3.04992000206927e-21
"26",1.06600673825957e-74,1.93522805148912e-66,1.94564283809244e-81,7.09785743757305e-178,6.36239250052127e-66,8.07535227227111e-39,0.829524936127723,7.15409406300365e-14,1.73158668224347e-116,1.03776292745544e-05,0.169990223166397,2.42140247240864e-56,4.38556269293596e-40,1.9076243597296e-178,0.000474463076534043
"27",5.81972307039452e-59,6.03239538834404e-20,3.42977164368629e-90,0.93103561471054,6.08558455530901e-99,7.87658816524204e-195,3.13263228672917e-74,1.9054946785078e-196,0,9.65004508265173e-153,8.11618956833207e-35,0.0689643852894599,2.12752700999791e-173,7.37876302620084e-23,4.67908188913942e-115
"28",1.08725565346708e-32,0,1.642525520832e-263,0,1.43114779334258e-07,1.28549430401989e-32,3.81479266816458e-53,3.18733557372073e-26,0.999886750421799,1.06502906675387e-174,3.27845104986624e-79,4.62011967198271e-171,0.000113106463421346,9.76573039001063e-226,1.41572247132322e-27
"29",2.45513994446886e-223,2.1296776658233e-213,2.91776370022771e-301,0,8.32649254179705e-138,3.46696326166224e-163,0.999999999999999,7.99471628998142e-74,1.44580329596229e-252,7.1094627150983e-81,3.70688857762977e-20,2.9529801686787e-111,2.70194148787793e-108,0,6.95589053997628e-16
"30",0.997649336059348,3.53705952922172e-41,2.76201836432116e-08,7.04749617115094e-97,4.93621556422185e-13,0.00158023967519066,3.11180625269056e-32,9.40410300818477e-20,2.43353001165454e-40,0.000770396638864914,1.55024260276907e-13,6.67895356648223e-33,5.75896455873368e-12,4.89136762418796e-15,3.58242622046043e-32
"31",3.37882858942432e-54,0,1.86287846250852e-279,0,5.40914123012939e-18,3.88431260100342e-35,5.87933368974088e-44,1.72189542456374e-21,0.997336769405481,2.8606124373364e-160,8.48611106966992e-75,9.81147388131137e-178,0.0026632305945184,4.88324500017928e-275,9.00366620293272e-17
"32",4.35862036917766e-18,1.29723324827582e-10,7.02792624239578e-22,0.00749468317574281,1.84500132841702e-52,1.26621898837477e-89,1.07450073668364e-64,1.09032235533713e-112,1.18437432521614e-190,3.33778670307057e-47,2.2166980478391e-27,4.15993696532147e-06,3.67842034212948e-88,0.992501156757569,8.11530582571346e-82
"33",1.69901760542042e-36,1.75805792196888e-54,6.95485962386223e-40,4.77464223360247e-159,3.00692705866864e-35,1.03310995392625e-06,0.000306750536562825,0.358462907188549,1.55312733324427e-58,0.639328683063003,0.000219845979712512,1.20863593353589e-51,1.53396493222942e-15,1.3953634183436e-118,0.00168078012221752
"34",7.35790692204266e-14,1.08405765401515e-24,6.69426385824788e-10,2.16673463868946e-94,4.85569956060111e-30,1.99361012920984e-05,6.29639598420943e-12,9.84369661112356e-06,7.950664221705e-72,0.998935512760079,0.00103470676619771,9.51646831118688e-34,1.79479279343427e-21,3.44110274764717e-55,2.33936786749336e-14
"35",5.61926495883538e-35,0,6.76232234197635e-267,0,8.1307213995177e-09,1.99563417343689e-33,1.14977769698545e-51,1.20298460751705e-24,0.999577707576698,6.40320599696887e-170,1.06328893601904e-78,3.43492176934584e-170,0.000422284292580282,5.22188590667835e-228,7.23362726579097e-26
"36",1.4177631044438e-19,3.03004700651004e-16,2.2391183624146e-11,9.13220845368614e-81,1.63602143246928e-39,4.69669804632903e-13,1.01883598763558e-08,1.9675288687695e-09,1.39318114315027e-95,0.354726658469114,0.645273329351129,2.25044164199947e-28,2.26935294844596e-31,1.22776391628074e-61,1.00649671219307e-12
"37",9.85126112649866e-36,0,3.5845327568513e-270,0,9.68152531113791e-09,5.3036887277923e-34,1.5850711514894e-52,4.71465026069826e-26,0.999866267222177,2.0383064387046e-176,3.58664698926201e-80,1.20247100118979e-173,0.000133723096297792,6.16181125467714e-234,2.28828794923324e-26
"38",0.961696372136567,9.64220187485079e-123,2.36999344018289e-60,2.51427041053455e-238,0.0382490308133232,3.94240267117114e-07,1.07800814652397e-45,5.08202992129646e-25,2.45260515963292e-09,3.32259233268605e-36,1.13878384608308e-33,2.54320210769239e-66,5.42003572378738e-05,2.83599721519625e-46,5.23153593128499e-36
"39",8.05779530319699e-25,2.52682003991337e-07,6.11928288030855e-22,0.882146339067251,3.19114800393785e-61,5.07245595149315e-96,1.51819716561133e-60,6.53927831562626e-116,1.44197946207318e-218,6.74460349809232e-54,8.03691120510582e-25,2.23790142644513e-06,1.56459424834222e-97,0.117851170349319,7.64234149485427e-81
"40",5.35270357733005e-12,0.21248341199463,0.787436043122075,6.81236734072157e-18,5.70585756172771e-46,3.28345563057654e-31,5.1666740588456e-28,2.41165568979995e-39,5.73600298162313e-143,6.77567311334796e-11,8.05442750366329e-05,1.27964756088296e-10,9.87420882913124e-53,4.07183373419162e-10,4.98243600810025e-37
"41",9.7279560085259e-39,0,7.26456967418645e-303,0,3.30202687126172e-08,4.37436848809152e-39,1.5245077757464e-56,2.03234980050462e-31,0.999998844300234,4.08577721209497e-202,2.52296384550694e-87,9.63533783380132e-185,1.12267949716956e-06,5.90231231878277e-251,6.95553720755593e-31
"42",4.76591837108915e-08,2.55733226034645e-46,1.55339611630808e-13,2.84355012495862e-130,5.71384726801971e-17,0.967275018368605,3.65246782616102e-17,0.000926857715610668,2.98143189350915e-38,0.0317980735987599,5.97956329949666e-10,8.44478327517178e-44,2.05972836336127e-09,2.34453153992815e-48,7.80568034228474e-16
"43",2.55451521067877e-11,2.7153541533415e-05,1.64399292497167e-07,6.40592980966800e-11,2.19875761381183e-42,1.9472606104089e-55,1.12853394355857e-52,1.16647858328829e-76,1.13206917144867e-142,2.93841136880507e-25,2.24332052563718e-19,3.22358004063366e-08,5.83043517668675e-63,0.999972649733769,6.3265146366725e-65
"44",1.33801629459866e-17,0,6.95583142392647e-252,0,0.999898681323701,1.13769506617133e-38,7.03518245916209e-75,6.5791346998311e-49,0.000101314673838305,8.39155209087799e-172,1.62715168003906e-83,3.74045136363136e-151,4.00246067173847e-09,7.52438230698312e-167,2.23706936139589e-51
"45",4.57413576247255e-62,1.30527674101578e-11,1.19355481347008e-82,0.925929738807398,1.12108650783094e-101,1.86617184224473e-182,6.8120692704098e-65,1.8833404595926e-185,0,1.07244534209317e-150,3.57000950624983e-28,0.0740702611795495,1.0446600426142e-170,1.72505185137413e-24,8.85308609510679e-106
"46",0.560322004150845,9.02879744901887e-21,0.437062389177953,9.5286575538368e-57,1.41764614099224e-21,2.15436617610479e-08,1.54594689736489e-32,1.96142992432003e-26,1.42520546687363e-66,0.0026155313615196,2.08614279316935e-09,9.98395818263583e-22,1.83210129351736e-22,5.1679877371481e-08,1.20542352951423e-35
"47",2.08004389684162e-51,1.45975722388184e-07,7.12118154055883e-57,0.998589722069587,1.79536208756584e-91,1.40406774536174e-148,1.71167993069145e-58,2.02234185087316e-154,5.3507309444607e-321,2.27309615525072e-116,5.05607698622888e-24,0.00141013195469032,9.65121031330893e-148,1.07897692809793e-16,4.76768679241174e-93
"48",5.76127222651273e-23,2.16890112475687e-142,7.37488788980615e-83,1.46368676604858e-308,1.5635699347988e-12,0.000367193896418851,1.01283133819206e-22,0.0830212125016331,1.70949812578696e-05,3.71992323152843e-36,2.74912833926038e-30,1.17530360422106e-89,0.916594495725237,1.96255626343547e-120,2.893889801961e-09
"49",5.51068684150731e-140,4.74058862818138e-120,0,4.03414681909724e-44,2.93535154792139e-158,0,6.51376433674584e-138,0,0,0,1.34625355239453e-90,1,0,4.60920234211793e-102,2.03891312324467e-225
"50",2.75517605370203e-20,1.46250593200369e-28,1.82908179746738e-16,2.45850771247839e-104,2.3907861023875e-33,6.46192584005285e-06,1.1770951963771e-08,0.000421250261015276,9.5854348617358e-72,0.994147090818335,0.00542518466425805,9.41954733844028e-37,8.0246037309405e-21,1.35599567561456e-71,5.59599335237618e-10
"51",4.25428422952035e-26,0,1.98584745689431e-318,0,0.997983848321439,1.88973774100706e-46,3.25076266639743e-80,2.50346496640624e-54,0.00201615158758074,7.59859707826034e-224,5.79463118364075e-98,5.2333391994722e-175,9.09806918762041e-11,3.55108625305056e-207,1.651638963441e-55
"52",1.3077017709186e-186,7.55306123672661e-95,1.63693037933303e-254,1.09461112505849e-220,4.97738099361844e-169,1.09992241500832e-235,0.999988557080019,2.5177691205424e-160,0,1.34138821021086e-216,1.14429199810377e-05,1.25273882792625e-62,1.8547430847128e-196,8.40908125686337e-286,2.07825009752266e-49
"53",7.92766222485689e-37,1.22793761518375e-153,1.2732531556322e-98,0,6.93368600320687e-19,2.60234391687207e-07,6.80916364820333e-19,0.331825549826738,5.13465856103933e-06,4.00749288167335e-34,1.12162440140533e-29,3.25461115020577e-96,0.668157413760639,2.759727332663e-154,1.16415196700912e-05
"54",2.6637390788584e-26,8.38129928022898e-12,3.38728973635722e-30,0.97677194634984,9.17166086672761e-63,4.57973461596124e-109,1.12991501330044e-66,6.89884345443837e-129,8.75102332158631e-228,2.67806184333169e-62,4.08925737159325e-29,4.09578241013803e-06,1.74133304981327e-105,0.0232239578593682,2.33757664344336e-88
"55",1.23018754949736e-12,0.540261980290121,0.290451452383783,1.7731397444736e-09,2.63919724645314e-46,6.56098913825581e-42,1.64596235935643e-38,3.09259746132418e-56,1.37290064070591e-149,1.13008130059665e-16,3.53541587029171e-10,8.59672265991549e-08,7.52727423664644e-59,0.169286479230958,4.22972703675291e-50
"56",1.26651734429908e-20,1.48705993154059e-108,1.93430698366444e-58,1.46853530165594e-246,8.81292476386972e-13,0.0257716953524644,1.89072051064557e-19,0.645812407459136,1.75334716108948e-11,6.9147009094018e-22,4.54344487834566e-23,1.57553663772507e-75,0.328415893005343,1.27152304868003e-101,4.16464139026374e-09
"57",2.20019617313106e-54,1.75574318460914e-62,3.27009471782137e-61,2.3182692855788e-172,4.45186515472768e-49,2.29506777616227e-19,0.62817356473555,0.000524663699443594,1.33423106400148e-79,0.0936979426656708,0.0940581586987446,7.44319183961481e-54,2.2593890289651e-23,2.62116869734677e-150,0.183545670200591
"58",3.83408921005588e-12,0.387668208281882,0.611857273052792,3.15526395942178e-12,6.94737902022281e-46,1.46041750901648e-36,9.51414770468996e-35,4.33693029367882e-49,1.47094175073932e-145,9.77839290781745e-14,3.20401388949921e-08,6.89794674262152e-09,1.91344127820888e-55,0.000474479720153846,3.38735087504564e-45
"59",2.73950012325925e-36,1.40056913698819e-196,2.91664517631236e-138,0,5.0909834290754e-17,3.55567074058575e-10,8.56527385663039e-26,0.000779024121031797,0.000412351476008165,1.89824987009875e-62,2.56660668474673e-41,2.52626503238355e-115,0.998808325319119,2.84025652665179e-180,2.98728273886343e-07
"60",5.44304292253125e-67,0,2.5350929652831e-262,0,1.17737448838543e-23,8.74122176961734e-33,3.57309359892553e-35,1.03507923216033e-13,0.850250629858923,2.45357472716003e-121,7.40746413167376e-64,6.79664593672513e-170,0.149747361948062,5.6724672061276e-284,2.00819291208404e-06
"61",2.38538095854457e-17,1.97894883626097e-311,6.85741016324972e-232,0,0.0491351729843538,4.29749343672193e-26,1.37274604574964e-57,1.12528598499468e-28,0.95073578234375,4.90062564773975e-156,6.29625937464704e-73,2.35277213701819e-152,0.000129044671895821,6.8129311323146e-176,5.96029973401025e-32
"62",5.26591099016781e-34,0,1.36277357370619e-286,0,1.22405393851167e-07,2.33878713079754e-36,3.29192178958538e-55,3.18529635874899e-27,0.999927586738787,9.39738374453236e-185,2.78120072546578e-83,1.16144147035851e-173,7.22908558191697e-05,8.48247767378079e-229,2.03113047194033e-28
"63",1.43164910580833e-44,0,4.27333393070648e-309,0,4.68646704627328e-11,4.18298810658956e-40,4.1107657796116e-54,1.00338109926657e-28,0.999973729368637,5.06648618534401e-197,4.72697433168667e-87,7.73646954820342e-185,2.62705844982435e-05,7.56389388651187e-260,9.86043688327302e-27
"64",0.000171080505441852,2.17391761275045e-25,0.000500399675189782,5.33691837854123e-83,1.42297044961647e-22,0.00155580360783602,2.87494933139692e-20,8.26680128001618e-10,2.45764188677646e-59,0.997769520085421,3.19529943118671e-06,6.93564689495304e-30,1.09410455681714e-16,3.55266602688229e-31,1.963950134914e-20
"65",2.64168142440628e-42,1.159111879237e-40,9.23978458892223e-41,3.05333856714127e-131,5.71768355514115e-48,1.19404140361767e-17,0.0320303706305735,1.55113638512137e-07,2.26997114453605e-93,0.0802359107294387,0.887507980934626,4.76592788215436e-42,4.67008112397972e-30,2.62971832273345e-121,0.000225582591722825
"66",2.74462815960472e-25,0,1.91256058546809e-247,0,2.98064674681511e-05,1.01863291454199e-30,2.22145124831473e-54,1.3962413001581e-25,0.999627215061547,9.99364212397194e-164,2.01229413209417e-76,2.05919105251907e-162,0.000342978470985323,4.76556291980622e-203,1.50270548133122e-28
"67",2.74646066823086e-14,3.31064738163451e-246,6.8785750627365e-173,0,0.000364917205430853,1.51372958423911e-15,2.582688122218e-45,1.61949051607364e-14,0.9198058640705,1.87904885278409e-102,1.5717306343287e-58,2.03288848998094e-131,0.0798292187240236,1.81874492182403e-150,2.05409013603889e-19
"68",1.08097421390707e-16,4.24287922807627e-310,5.58988994297031e-248,0,0.734961744169062,1.70691062911064e-30,1.7341655226194e-62,5.2600788959791e-32,0.264870512308509,2.49584596417736e-167,4.19119985816783e-76,5.29812438764647e-149,0.000167743522428121,2.35181169889036e-172,1.05865696896697e-39
"69",0.99999890629402,1.90647990579107e-38,1.63033636580483e-07,5.7542063010293e-87,3.33567936790316e-13,3.92603949231024e-10,3.40734512357777e-39,2.10035726297769e-31,3.88400713892908e-45,6.13895577519684e-07,1.5797306036491e-16,1.50349914625664e-29,5.76072967580374e-16,3.1638382794696e-07,4.94928215691481e-41
"70",0.411316554127513,4.02712408708669e-21,0.305114379733529,1.03209197542896e-62,8.30256748859321e-22,4.40150494075979e-05,5.01851315640326e-27,3.34507791166634e-18,9.87591935970853e-65,0.283524462882255,5.88207280046019e-07,6.98684797354584e-24,2.81631015220045e-20,1.56032505076948e-14,7.55507035705139e-29
"71",0.000123572559515177,8.44291259902204e-19,0.0171579286326379,5.48634318450859e-69,1.85455275807724e-26,1.70073500884674e-05,8.6983870709203e-20,2.50079983243949e-11,2.83949563381177e-71,0.982566722492132,0.00013476894061893,1.24852109916897e-26,3.83466765883524e-22,1.72545629805851e-29,2.38479443270964e-21
"72",4.51940486221755e-07,4.68271363234088e-69,2.84482763939729e-26,7.93482703188386e-167,1.66371525778245e-10,0.99970461073801,1.3170204983462e-22,4.49463081304194e-05,3.069688528711e-23,7.0616700317094e-09,2.63274843627612e-16,7.46713146548204e-52,0.000249983785331095,9.16961905132777e-53,4.55421396566619e-17
"73",5.44534010045296e-22,0.0554436131873902,1.26568505100403e-10,0.0882816775925233,4.70275482326792e-58,1.55651486632657e-74,1.20957912703043e-49,1.97203434826364e-90,6.37820310299251e-200,1.82622904193717e-39,1.9976143340842e-17,5.2082758365179e-07,3.53963640029649e-83,0.856274188265934,8.01396536735844e-68
"74",1.22978359123181e-14,1.9343358377472e-64,1.60922307153122e-26,7.24762541464412e-170,1.74599054182838e-15,0.961105289249281,5.30345200950542e-16,0.0388153739402392,1.86692379700758e-28,4.10059217595619e-05,2.78449788792287e-13,2.73820830916102e-52,3.83308882869288e-05,1.00092942505947e-67,1.39969070092806e-13
"75",1.64784588252579e-19,1.37554643046979e-307,3.98008253905954e-244,0,0.00872491541870598,4.73485644283527e-29,3.00728036323022e-56,2.13837871143055e-25,0.989905810869386,9.14109555197119e-163,1.03044990058528e-73,3.22029324404234e-152,0.00136927371190777,1.07819352567757e-184,4.31653159004879e-32
"76",3.7339392444352e-98,3.65991266657257e-55,2.18724192248931e-224,8.96029412848267e-17,8.66506296529051e-138,0,4.13129415318048e-102,0,0,2.38740950562896e-299,4.30636398499984e-57,1,6.64433700830112e-266,4.14224477895345e-61,3.42477197539214e-169
"77",2.54671275963783e-17,1.63274679238204e-110,2.02360391769442e-60,5.38271074221075e-251,1.22579645820831e-11,0.147795264853297,8.77009443557187e-20,0.516123555084315,7.86940967517829e-12,4.61881777350594e-23,3.24981766918794e-23,6.79174969637735e-73,0.33608117996693,5.41423903265732e-95,7.53305000972421e-11
"78",0.00917662901034388,3.49527296106336e-41,5.97872891495024e-09,4.79290900944669e-110,2.02795215390584e-14,0.872450879099909,5.54687182511475e-23,6.59511772156368e-09,7.99904911990779e-39,0.118372477908314,2.69763784857123e-10,1.90658269730042e-37,1.13780158894404e-09,3.47684607834785e-30,2.14158892815734e-21
"79",3.74280880927449e-22,7.24852778689388e-182,1.26647004596391e-122,0,1.84253402897559e-10,5.26959969226749e-07,8.3712970092348e-30,0.000585891128689094,0.000637279318099897,1.15491384473625e-62,6.36621868967996e-41,2.62003915966781e-110,0.998776302383774,4.39089160607217e-139,2.52146847950703e-11
"80",4.77708194867782e-37,1.36187914401558e-132,1.13944037814955e-83,6.99276829694849e-293,1.41474703575141e-18,2.13168025446684e-07,3.25065888610154e-17,0.788645763907356,3.98196209081456e-11,6.559126097333e-27,1.01048246194168e-25,4.09055554704937e-89,0.211315278771582,7.69237116588033e-142,3.87441132174381e-05
"81",1.30749139090179e-18,0,3.04391902685103e-256,0,0.999999845660984,7.7017716999681e-46,9.92501346560295e-81,2.85983376236617e-58,1.54336355228363e-07,1.89983687034499e-178,1.46649362535222e-87,3.23305273502191e-152,2.66122773385579e-12,3.15085801098872e-167,2.25173421921233e-58
"82",1.50877446301774e-33,7.67417478122764e-81,9.21921051049963e-50,1.28010672744701e-208,9.66788488583961e-24,4.29281780125094e-05,8.06246320571377e-11,0.999936629872682,8.3192451064895e-30,7.24279539500341e-07,5.66516913084673e-14,6.45184211245039e-65,9.43073176128336e-06,1.44087001066199e-114,1.02868573234874e-05
"83",0.031728381905119,9.30612106865241e-174,1.03502120163401e-112,0,0.967011527503782,1.73729206436209e-09,1.50110537733719e-50,2.28197420152374e-23,2.35632442915869e-05,2.45216497950323e-66,2.32154944907212e-45,3.87941861878611e-94,0.00123652560951473,4.52309460619437e-81,3.95367918032957e-33
"84",4.78376205889832e-27,4.26753655708413e-12,1.80949390419635e-31,0.988749735841697,9.9481453386124e-64,3.92558319185898e-111,1.27402221606046e-66,2.51805610076029e-130,2.42550162496286e-231,2.95746859464434e-64,5.63206917202862e-29,4.20659980045179e-06,5.52371360019837e-107,0.0112460575542346,2.42749151999198e-88
"85",1.39631270082945e-104,1.27648045722692e-86,6.76419784574698e-274,2.79699417836416e-19,1.40844565881779e-136,0,2.51001177367964e-122,0,0,0,2.11297911844837e-74,1,8.08070323433101e-289,3.35742689321667e-65,4.36433717741145e-193
"86",1.76743719749203e-50,0,3.13987099138248e-309,0,2.13393598434605e-13,2.56113586265323e-40,8.34302431734134e-52,1.0837946750818e-30,0.999999422026756,5.73238344064078e-196,2.41887378285842e-85,1.85749822766033e-190,5.77973030189479e-07,5.45078911204789e-281,2.94342666715389e-26
"87",4.4217565030948e-21,2.86033641657751e-11,1.75867497927997e-25,0.347886789340182,1.59974956126678e-56,8.31601941704321e-99,9.15979907133384e-66,3.60856662056603e-120,6.93439782760202e-207,3.67225245301885e-53,3.93368123307569e-28,8.0819278251314e-06,1.9304295132281e-95,0.65210512870339,1.00079147836192e-84
"88",2.75272380941178e-07,7.41167570567728e-05,0.999655740230501,1.39590183013139e-21,2.0448296383424e-37,1.11637197470852e-26,6.74803775122466e-36,4.43565884026944e-42,1.62215412659397e-114,2.55313682865362e-08,4.06231156515236e-09,2.29075815348041e-11,2.70077057513671e-43,0.000269838123473535,1.29501440430627e-43
"89",4.75505771263757e-07,2.39665378822755e-06,0.94065782326266,1.7375293144736e-40,3.42261661463696e-36,6.52041804691107e-16,6.22166063460769e-21,1.64751073938554e-20,1.39435180403917e-103,0.0473041990920208,0.0120351054857595,3.21784145071384e-17,1.77963113230204e-35,6.89948187652204e-22,1.48647330856864e-25
"90",1.26946539054002e-25,1.35940237874967e-70,3.18427709743839e-36,1.01809827290283e-183,4.54589074509509e-21,0.0271984623348463,1.331739262156e-11,0.972725556147053,8.88483716566159e-31,6.55345142613494e-05,1.31725046402144e-12,8.9924969081699e-58,1.03716674145259e-05,1.3907712395593e-93,7.5321789746566e-08
"91",1.69594063323672e-96,6.21896254577839e-138,8.32402105552381e-135,1.40919031936249e-303,1.06100188087693e-49,1.01246625887028e-35,2.80931504695346e-05,0.000138740093448773,2.01075070983698e-41,3.98454994898116e-11,2.41357222649137e-14,6.9223691816522e-93,2.17850139427098e-12,1.45800635874026e-238,0.999833166714034
"92",6.05680399851448e-05,1.00636517271999e-10,0.998652350506297,2.88848677042594e-40,1.5404110297769e-31,1.57743569266099e-14,8.69041376634936e-28,7.42088127068784e-26,3.24137950155803e-93,0.00128104228961827,6.03906266072819e-06,1.63604013238096e-16,7.83265913314068e-34,7.86874389644754e-13,1.16853956544722e-32
"93",1.38065168911468e-269,5.21785885177973e-133,0,0,1.60543496548574e-225,0,1,2.62406818545199e-246,0,0,2.40193974783556e-16,4.09072498677738e-78,7.68924763602392e-281,0,1.73764187454692e-76
"94",2.21035573862445e-12,9.45044907411541e-144,2.12000305565676e-79,5.92753928037357e-309,2.49620054152279e-07,0.00494095291443168,3.15711457305147e-28,0.00237631767495588,0.00024321389890689,2.87987644710681e-42,4.94611601412876e-33,7.00904574940386e-89,0.992439265889426,1.36687401668546e-98,1.48515471119989e-14
"95",2.47275457411456e-15,1.47072167961067e-41,1.6257019448598e-15,8.38388392620929e-128,5.87821552705969e-23,0.228399563646031,4.66870798059477e-12,0.0251924016344919,8.41584405442708e-48,0.746407453100835,5.81606958586958e-07,3.28966610404037e-43,4.84938298229056e-12,3.035553873922e-63,2.16106932235752e-12
"96",7.45880489904017e-05,2.41924818891479e-209,3.54168898956747e-147,0,0.999925411951009,3.40001053327128e-54,6.88328989959611e-85,2.0221217577434e-82,1.76196172000078e-25,1.44253592038518e-108,5.36302180732813e-70,6.62531392670644e-97,3.71732549699683e-27,1.88558048522676e-86,4.92645341508777e-72
"97",1.00819511184073e-27,1.08258866569949e-09,7.05916815907727e-28,0.989789013675886,1.75953920801372e-64,3.88338201977084e-106,1.64223160461767e-63,8.51419001970661e-126,1.4354517719867e-231,2.90675445671805e-62,7.68305970826922e-27,3.0158931009418e-06,2.27632313766736e-105,0.0102079693484244,4.16739510170669e-85
"98",2.13234979911512e-07,1.42254905651415e-05,0.0705902183839229,3.425518584836e-19,5.55499038268701e-37,4.02002612386454e-37,9.17598340170113e-44,3.16611064857113e-56,9.31686466245682e-122,4.64755501226207e-15,9.17576857272551e-14,9.95700354985961e-11,1.73755350497028e-47,0.929395342790866,7.37628136915884e-54
"99",5.53845158414326e-26,2.53099949051554e-319,1.69020713208354e-243,0,8.13282183753925e-06,1.97722258193706e-29,1.12374504695065e-52,3.80002431734535e-24,0.999218095970735,7.86176023455824e-159,9.04655973893657e-75,2.23126315158268e-160,0.000773771207427699,1.69153954010911e-202,7.04314896580959e-28
"100",7.46778021060693e-36,2.63434877633042e-18,1.1946666628916e-51,0.999922034380027,4.24136929640223e-74,6.57286187536471e-142,3.08175718371275e-73,1.16442719978897e-155,4.13306670983059e-273,5.46802736217569e-91,5.33600543335847e-34,7.74411706646993e-05,2.81184577568289e-130,5.24449308045897e-07,3.94564907257451e-101
"101",4.11436265659277e-71,1.86257635647859e-65,2.97749851170549e-185,4.49606708755316e-05,6.13873585584599e-109,5.03184843125716e-308,4.66186899864035e-111,7.01038021762942e-295,0,1.36556905928731e-230,9.82252590025716e-64,0.999955039329125,1.07355402338071e-228,2.2557060031989e-32,4.63971308469574e-164
"102",8.22794856482438e-62,1.8899603998133e-149,4.39093626454511e-115,5.37049357029435e-321,8.38639098906066e-30,3.11147653577366e-16,5.79708145265735e-12,0.864985406508855,7.95182167837688e-15,1.02569955653839e-22,5.57772442805346e-23,1.61384845251017e-95,0.016715648116447,2.11709043399482e-192,0.118298945368892
"103",7.0163014099553e-22,4.44859811203447e-123,2.13999671108328e-69,8.51907931333102e-272,1.20356441219396e-12,0.0106041574907275,7.19069739503979e-21,0.368889195523907,3.26830824724875e-08,2.79432446352953e-28,1.97195301175037e-26,4.58607862833193e-82,0.620506612144971,9.11043553274403e-109,2.15610898077705e-09
"104",0.000277362595480375,1.18414595528962e-08,0.730456221162317,9.13358595289524e-28,5.43690736944825e-31,2.13303073608351e-27,1.52700692129278e-41,7.93012429886316e-47,1.16272632382232e-98,2.43426773088425e-10,1.73885676916659e-12,5.51922723206645e-12,1.82175669839631e-39,0.269266404150059,2.50896473018206e-49
"105",6.1904381115385e-11,8.79077923110068e-79,7.72826754069968e-34,2.17868309909815e-188,2.96880188717554e-11,0.992110394508495,8.35842232314857e-21,0.00500519109619453,4.96510713297502e-20,2.96874738416647e-11,7.99240630171371e-18,1.88712251526741e-58,0.00288441427397269,2.0351044700888e-66,5.75975811842181e-14
"106",1.45025080184074e-19,0,8.92406183487757e-262,0,0.976033637770177,2.24743287062198e-35,1.12500657182252e-70,5.57750225201883e-44,0.0239663005835135,6.00089101259808e-185,1.23703420560951e-83,1.89510343405518e-160,6.16463098395438e-08,3.20141236226094e-185,4.58803521893744e-46
"107",1.9939248522615e-49,9.9414644586122e-16,1.42137309988496e-65,0.9979686226415,3.94983538852122e-89,2.05925955522214e-162,7.06402928955877e-70,1.25821249477537e-171,1.33101284989632e-320,4.29795258549539e-121,9.05983232827399e-32,0.00203137735849707,1.85004074054605e-153,2.23900265813213e-15,2.96178960051658e-104
"108",4.56055230868815e-12,0.264686539861343,0.73527778421518,3.00511835672531e-17,3.72048344346672e-46,8.88391982268505e-32,1.10329801838504e-28,1.77723635197852e-40,3.91706603895972e-144,3.80303465742518e-11,3.56742923505789e-05,1.13054789389928e-10,7.29262817767093e-53,1.47548053756178e-09,7.51328159009041e-38
"109",1.95475204041686e-38,3.1276171844564e-20,3.08798104642864e-59,0.99974239629712,3.05738256553716e-77,4.80531416646639e-152,5.47560251722384e-75,1.23164871630111e-163,7.55811113336275e-286,3.70018440512656e-100,3.40865558437832e-35,0.000257594723062271,1.43077863625866e-137,8.97981763244579e-09,1.5427158308055e-104
"110",2.7617128214881e-92,0,0,0,8.57082287415643e-27,2.88883600685181e-60,1.34306772228813e-52,8.94920007997448e-34,0.99999998320921,1.8931020635837e-232,2.73378475920815e-97,6.85856736608475e-223,1.67907900926617e-08,0,1.53418272725417e-23
"111",5.41319544920043e-36,0,6.17011789766534e-291,0,3.46333998585441e-08,6.96660965890879e-37,8.79265240302586e-55,2.87084325941129e-27,0.999920689920505,6.29032292770749e-187,4.88632347568082e-84,2.34133275104078e-175,7.92754460953728e-05,2.13665202832937e-233,7.27590384829757e-29
"112",8.32627293398823e-50,7.32147050527638e-90,2.74904580307309e-67,4.63168037475477e-216,1.43284334425243e-32,4.45946962169851e-11,1.67681456171863e-06,0.988819926191937,1.38461018609744e-36,0.000331549874302181,3.10905245515684e-11,3.16745311183796e-69,5.94502023146448e-08,9.73438565149457e-148,0.0108467875933113
"113",9.81940466978272e-47,0,0,0,2.43519822438458e-10,5.88320320177755e-44,4.98151535312308e-58,4.54162985530125e-34,0.999999738220408,6.96475831425367e-222,1.22200958029698e-93,6.64952386568601e-195,2.61536071925503e-07,1.77556542385449e-274,2.91908303474466e-31
"114",4.87534893065771e-20,0,2.39836297382852e-266,0,0.930819593310823,2.76176114503475e-36,5.22200077975045e-70,3.0468054224086e-42,0.0691801160420672,1.33063299147278e-185,3.10550717984831e-84,1.26760371861686e-161,2.90647110149919e-07,2.90879525116997e-188,6.93695720312897e-45
"115",4.21621378991091e-208,3.16975841759918e-120,6.60444047551229e-282,1.84621671257467e-259,3.07739870236213e-174,1.92815417009385e-244,0.999999997127311,2.76397958102896e-159,0,4.69734146927116e-214,2.87268928200237e-09,1.07629999088231e-72,2.13039941499421e-195,0,7.28836523487524e-48
"116",9.93882379472231e-40,8.23968461271901e-149,3.70609052617807e-105,0,1.04284513569819e-20,1.19202605848456e-07,2.15862452295324e-17,0.710674975735848,1.09124474682782e-13,3.35586848378984e-35,2.26965399760001e-28,2.47641774168818e-96,0.289013340914567,5.16246441046218e-163,0.000311564146869167
"117",0.777116687979115,3.18929076264175e-48,1.00378354942756e-11,4.40453527588201e-115,9.85206277581273e-11,0.221779895175625,5.81272831606636e-29,3.37463592155507e-14,1.4434380739793e-33,0.00110338206970863,1.58422697588475e-13,7.37777458095361e-37,3.4666800427274e-08,4.54001436953096e-22,2.13037972236598e-27
"118",0.255363983650205,1.65656962762934e-18,0.744320837358873,7.89311169238397e-51,5.63184461815017e-23,1.37046800308914e-10,2.77067439466824e-34,1.38880202122962e-29,6.50235236465717e-71,0.000309779639177985,6.57739106573946e-10,6.61499424367816e-20,9.55005004340342e-25,5.39855695814003e-06,4.09975434304688e-38
"119",8.58898650989855e-10,1.87921352729208e-130,1.00929628866231e-73,1.88490049425001e-283,1.86812850529988e-06,0.0371656825147822,3.26635216899228e-28,0.00176255009471196,4.16805727172197e-06,8.2609985123951e-38,9.74676899173156e-31,5.0012798450861e-83,0.961065730345828,1.54163090037544e-88,2.05542719474005e-15
"120",8.60217124476384e-06,2.67752147476009e-18,0.00400251091811257,1.72866615856217e-70,1.15664588109464e-27,4.49628559620469e-06,5.5302778131014e-18,3.02552313529429e-10,1.70878777645918e-73,0.99561606846039,0.000368321862104538,4.99126178743181e-27,6.68539309868278e-23,8.47806295103782e-33,1.50576279830344e-20
"121",2.75428730824753e-17,0.908046590770217,0.000766601551106931,3.82676327106749e-06,8.37434236403808e-53,7.40036857539608e-53,2.33975136945908e-40,1.57586822772839e-66,3.212365768169e-173,9.48516427270513e-25,1.57965803590754e-11,1.86234216982196e-08,8.85871935415062e-68,0.0911829622761864,1.5475786425483e-54
"122",1.59666916025004e-39,0,0,0,2.42484701525127e-06,9.94879098811677e-46,2.86316684438737e-64,5.28725996637192e-38,0.999997547855667,9.85766687745152e-233,1.67790995339497e-97,2.66584501080097e-194,2.7297317685135e-08,2.36564622655483e-260,3.02285421003515e-37
"123",9.16780167471503e-49,2.81390116433271e-35,1.57281894449567e-96,0.980553792458979,1.69160566776855e-89,2.21186669381136e-208,2.67168399448624e-88,2.5284617250358e-208,0,5.32076893334824e-144,2.76906195712297e-45,0.0194462075410197,3.33993241728696e-171,8.94545640565564e-16,2.57957884907995e-126
"124",7.03096463820843e-29,4.4335996050854e-132,5.89797247180033e-80,4.3226978924349e-294,1.95389172764326e-15,0.000249045480471078,1.26265520786984e-19,0.489486372616358,2.13594749923175e-09,1.73294776587759e-31,1.3640704995445e-27,2.5118254493591e-88,0.510264235232919,7.80604022030109e-128,3.44534302781211e-07
"125",4.73468154118772e-28,1.07560108904166e-132,1.86334447162478e-80,5.14165767077008e-294,2.50392407570888e-15,0.000162100736535412,2.43192397375409e-19,0.464849936994303,4.12321492410183e-08,7.83319443620826e-29,3.50225914214324e-27,4.75511566737923e-86,0.534987676502301,6.90403457584549e-127,2.44534709319091e-07
"126",2.48949252245002e-23,0.432892701878542,2.2975725356669e-10,0.119172349992185,4.90112582932537e-60,4.54694691137913e-74,1.17569639441548e-46,1.21156384125756e-87,1.24141045281747e-205,1.70035000171373e-39,3.04733791585832e-15,4.92555581528281e-07,3.16219876451561e-84,0.447934455343932,1.53090062484911e-64
"127",8.04035313240373e-26,7.10832645453381e-11,3.30882936035455e-28,0.960502392871198,3.77142182825569e-62,5.70771514936533e-106,1.68146485238639e-65,4.19793027042681e-126,3.45367525347222e-225,3.43615970109016e-60,2.85694730188301e-28,3.64146616755729e-06,2.49432876891681e-103,0.0394939655915511,9.33142087580635e-87
"128",1.46786268570384e-17,3.93707604408232e-127,6.27502526214384e-70,1.91481491086433e-281,1.2132951068476e-10,0.0215466462868217,1.98630792425773e-22,0.0557941752745373,3.21195196068938e-08,3.08615562551449e-30,4.95964651777427e-27,5.71847942622062e-80,0.922659146194849,1.73924382010826e-101,2.94276109696156e-12
"129",1.80012689953073e-187,1.7816365990282e-176,1.20193091250223e-245,0,1.25339457673241e-126,1.77009727457467e-138,0.999999999999977,1.89245161981351e-63,1.18383709440624e-240,2.00903457631493e-67,1.8940989140364e-14,1.50402787996163e-96,1.65570744249153e-99,0,3.91468931786911e-15
"130",2.67768737845618e-43,0.00525100888843467,4.73577259483585e-38,0.994447977545217,3.11964723272516e-83,1.54432621681166e-118,5.93141069373639e-49,1.59710125904953e-124,3.37252726722036e-288,1.29176152652689e-88,3.88326832390044e-17,0.000301013485702821,7.06792767792733e-127,8.06450203133486e-11,3.29346728486907e-78
"131",3.888971983449e-31,5.11391564305015e-113,4.44158217993533e-66,6.48610820505552e-259,4.11742815344082e-18,0.000256278297549073,5.2524910969992e-16,0.949660405287007,2.39517033564251e-14,1.44966061570449e-19,2.86731353391591e-22,7.78870432337905e-79,0.050081586555376,6.29297862394544e-124,1.72986004379408e-06
"132",1.30053683563787e-09,6.40487760255027e-80,7.65932191481443e-35,3.185218802626e-190,4.12049031993304e-10,0.989724371405296,1.16901568226323e-21,0.00453335714226559,1.38474566719629e-18,1.54013907746992e-12,1.41739405773463e-18,7.68526493652865e-59,0.00574226973830585,2.04974775554306e-64,6.53531437052003e-15
