"","V1","V2","V3","V4","V5","V6","V7","V8","V9"
"1",5.34286422313699e-207,0.244012051992575,2.6358110567731e-61,1.09471474480327e-197,5.09582324940513e-15,2.69458445525246e-216,0.38202886774058,0.37395908026684,8.48856331470575e-198
"2",7.9147967987891e-183,0.244010211334827,1.12209146777341e-47,1.17544309693077e-169,9.46392959293044e-19,6.41770356677704e-193,0.382029953670384,0.373959834994789,9.11454166347576e-170
"3",1.28646107871569e-165,0.244009520797139,2.2992109007042e-40,2.49722179125779e-148,3.43782077577281e-18,4.52843841682665e-173,0.382030361066836,0.373960118136025,1.9363788956514e-148
"4",1.92425397416165e-173,0.244009701532604,1.90111664379852e-45,8.70780537483439e-160,2.35965157421855e-18,9.77645445194188e-183,0.382030254437712,0.373960044029684,6.75214777249576e-160
"5",3.62310101095382e-157,0.244009185733041,3.15706179652122e-34,1.27351215009661e-142,6.27619398687494e-19,4.13641928527545e-162,0.382030558745095,0.373960255521863,9.87498210785939e-143
"6",1.29202839269999e-180,0.24401002792835,4.22265619573667e-50,3.6124449889967e-158,1.9073000320383e-14,7.61883293093097e-189,0.38203006187412,0.373959910197511,2.80113775351593e-158
"7",8.71760648254195e-169,0.244009768212417,3.03829390873787e-44,8.79914255144122e-160,6.17756194756152e-21,1.10260234132207e-178,0.382030215099128,0.373960016688455,6.82297183057061e-160
"8",2.15099963833776e-170,0.244009838753181,9.38839523564619e-43,3.35436489876375e-172,3.22660512177297e-23,2.53225382477141e-182,0.382030173482152,0.373959987764667,2.60101902883382e-172
"9",2.75374927623063e-178,0.244010461734033,2.67103716884028e-50,1.54731322927802e-166,1.05379489719859e-17,8.9776258110784e-187,0.382029805942928,0.373959732323039,1.19980719879393e-166
"10",1.83447489233028e-130,0.24400842827569,6.44345614304195e-24,1.22677292368822e-111,9.08389378060359e-21,2.10024065670614e-135,0.382031005624018,0.373960566100293,9.51255994762869e-112
"11",1.54012025547272e-166,0.244009696018846,4.98454045073837e-44,1.50054536751223e-159,4.39091018568215e-21,2.58140864022963e-176,0.382030257691163,0.373960046289991,1.16354277853497e-159
"12",2.80788639206745e-158,0.244009247840498,3.6766297706803e-37,4.64451359139768e-139,1.3008648666598e-18,1.91827790745007e-164,0.382030522103263,0.373960230056239,3.60141743534071e-139
"13",6.97282010352349e-162,0.244009232252513,6.94038949054458e-45,1.1794131083368e-130,1.7880522158996e-12,4.86297805532029e-167,0.382030531297874,0.373960236447825,9.14532565842981e-131
"14",8.64102921173385e-154,0.244009113921346,3.17006320793162e-36,6.30550694741221e-133,4.12441633000867e-17,1.69021500737563e-159,0.382030601111645,0.373960284967009,4.88937371205725e-133
"15",2.10555794750313e-191,0.244010893673969,3.3804418992142e-54,5.8949402302237e-199,1.06292894552399e-22,1.2346406759724e-204,0.382029551111277,0.373959555214754,4.57101483452225e-199
"16",2.47435248779919e-164,0.244009430981831,1.25112492484652e-38,9.9837174928911e-147,4.00755888690236e-19,1.1612531096848e-170,0.382030414055284,0.373960154962885,7.74150695026687e-147
"17",1.7002484167756e-150,0.244009015777447,5.07923302092963e-36,4.30487270273264e-134,4.1989992830033e-20,1.05447045838166e-157,0.382030659013625,0.373960325208927,3.33805538587693e-134
"18",1.78376145000235e-177,0.244010006818838,7.47067419861929e-51,2.9642150952352e-159,7.52084704531287e-16,3.53203172458558e-185,0.382030074328079,0.373959918853082,2.29849169692442e-159
"19",5.34580345643085e-156,0.244009395135626,6.87089060658196e-44,1.06036003117634e-127,6.98261221710741e-13,5.22991421878794e-161,0.382030435203508,0.373960169660168,8.22217230904408e-128
"20",3.70925606811645e-159,0.244009632224661,1.0663640477926e-44,2.07720945768418e-145,3.0067909300497e-19,3.84369074353513e-167,0.382030295328391,0.373960072446948,1.61069576190155e-145
"21",5.21330336580391e-175,0.244010027350374,1.01974268346956e-47,8.32273398969849e-171,6.81327228265689e-21,1.5700176323184e-185,0.382030062215458,0.373959910434168,6.45355831355914e-171
"22",3.72520620650259e-147,0.244009003741246,8.28328572757912e-34,1.64872747674191e-132,3.83794119369585e-21,6.66835347254793e-154,0.38203066611513,0.373960330143624,1.27844515125571e-132
"23",8.93722857649276e-158,0.244009357527589,1.43409717533684e-39,1.33983780188221e-142,2.83039923405655e-19,4.20834036918526e-166,0.382030457391122,0.373960185081289,1.03892800080602e-142
"24",7.0978946282143e-158,0.244009353578401,1.00603294236445e-41,1.80709509610767e-138,1.26093528353403e-17,2.89879724655455e-165,0.382030459720888,0.37396018670071,1.40124550361847e-138
"25",3.14248096306749e-183,0.244010208183538,5.50470184011305e-53,1.16490259513215e-166,1.69648138400618e-16,3.65659101905437e-192,0.382029955528954,0.373959836287507,9.03280921462448e-167
"26",1.49096475261999e-168,0.244009239109395,5.47724504090851e-40,2.99163268376656e-136,1.38545426126244e-13,1.04062456853215e-170,0.382030527253915,0.373960233636551,2.31975165868978e-136
"27",1.87028180239629e-161,0.24400948991758,1.15826737199514e-37,7.99287446513583e-159,1.40851015999475e-23,2.43310490634238e-171,0.382030379285147,0.373960130797273,6.19778086354295e-159
"28",6.7825094276069e-195,0.244011153974069,1.16278239382341e-54,4.76894513503142e-207,2.23774651771474e-23,1.27308812657481e-208,0.382029397542313,0.373959448483618,3.69790330451308e-207
"29",1.93794646109213e-159,0.244009196822338,6.86605226818849e-37,1.552254209566e-143,1.27338696186125e-19,7.49750130607488e-166,0.382030552202256,0.373960250975407,1.20363850043761e-143
"30",6.00675403570414e-157,0.244009829899718,8.04205092619977e-41,1.02658310451883e-164,5.57416251148147e-25,2.40338515195628e-168,0.382030178706742,0.37395999139354,7.9602615401707e-165
"31",2.41489944081187e-178,0.244010434763932,1.15001245786683e-51,1.38162360695979e-153,6.95259168073399e-12,7.56310337829392e-184,0.382029821850807,0.373959743378309,1.0713292682358e-153
"32",1.35159247284648e-147,0.244008911110129,5.94147989932895e-38,1.13140553929646e-122,4.1781873536267e-16,8.58027382689873e-154,0.382030720764351,0.37396036812552,8.77306860122057e-123
"33",3.25093392483415e-188,0.244010726764092,1.34624235738488e-54,5.58667226479018e-171,1.52245077828826e-14,3.40077438396813e-196,0.382029649582919,0.373959623652974,4.33197976580687e-171
"34",1.5153871975103e-162,0.244009395303485,1.88990759326378e-39,1.0326117327353e-145,3.62993724469003e-19,3.69057091356883e-170,0.382030435104282,0.373960169592234,8.0070083228913e-146
"35",5.69975689496368e-167,0.244009528510222,9.14914688832587e-39,3.45520711279668e-148,1.4864749702763e-18,2.86212664725973e-172,0.382030356516705,0.373960114973072,2.67921341898679e-148
"36",3.99556425939665e-159,0.244009676760909,1.91893448604169e-44,6.50016632068163e-148,5.3360247669342e-20,1.42624757161606e-167,0.382030269053455,0.373960054185636,5.04031517170618e-148
"37",6.60502122101826e-177,0.244010132267094,1.41138133594802e-38,3.20993513457472e-163,1.25471660474745e-20,4.59926345579725e-182,0.382030000319642,0.373959867413264,2.48902627422202e-163
"38",3.85477030138852e-160,0.244009243585091,4.22850044836938e-41,1.99483779722612e-140,9.12714039346475e-18,1.14901477557412e-167,0.382030524613233,0.373960231801676,1.54682368395112e-140
"39",2.03289778143889e-187,0.244010519316872,3.03548101501576e-55,7.1726159695548e-165,1.03046300664591e-12,8.0200129317957e-195,0.382029771969499,0.373959708712598,5.56174154761907e-165
"40",1.65946997451078e-164,0.244009850496569,7.93843521308619e-46,8.06076230258108e-155,4.7796020810404e-20,4.18913745842104e-173,0.382030166554412,0.373959982949019,6.25042199304159e-155
"41",5.14961503770729e-177,0.244010001326259,1.18591278282898e-51,1.40769666987657e-150,2.70268781430782e-12,2.28153213337304e-183,0.382030077567143,0.373959921103895,1.09154666700822e-150
"42",4.60205429288217e-167,0.2440099607359,1.48969887035997e-46,2.58644411429814e-157,7.26072790417861e-20,6.04768082164631e-176,0.382030101516525,0.373959937747575,2.00556306822315e-157
"43",1.2833190518021e-178,0.244009989168645,1.18846948254567e-45,1.64857426157524e-165,2.24029313030355e-19,5.80923006009835e-188,0.382030084741629,0.373959926089726,1.2783263461835e-165
"44",6.95347187837135e-182,0.244010410172531,5.04521050994816e-53,9.64746642223288e-155,8.40542638431071e-11,2.20445518029188e-187,0.382029836318004,0.37395975342541,7.4807734106421e-155
"45",3.29452078031754e-169,0.244009337284947,2.28345467855641e-41,2.61558510951052e-138,1.51188599090833e-13,7.86180424168937e-173,0.382030469333042,0.37396019338186,2.02815938238519e-138
"46",3.43072604594762e-179,0.244010216814774,4.1814297147645e-50,1.07160695012828e-174,1.35731597219239e-20,7.45891350268844e-190,0.38202995043719,0.373959832748036,8.30938241018882e-175
"47",1.1250839155918e-179,0.244011327175946,3.08072586683791e-51,2.99421726993169e-175,9.01757079488113e-19,2.88340620986609e-188,0.382029295361006,0.373959377463048,2.32175578107958e-175
"48",4.43419310800028e-163,0.244009446065009,4.13850457599067e-38,2.93252235506056e-155,9.45493875971936e-22,1.40344779239815e-171,0.382030405156681,0.37396014877831,2.27391672587684e-155
"49",6.38736498938596e-184,0.244011006653175,3.46742169409611e-51,5.05814629121751e-184,1.05099922246506e-20,7.09305498381905e-194,0.382029484458112,0.373959508888713,3.92215371646975e-184
"50",9.22464321135392e-171,0.244010235138777,1.22552602249719e-47,1.65428441087109e-161,2.70857084511662e-19,1.89965102581573e-179,0.382029939627444,0.373959825233779,1.28275407167677e-161
"51",2.13978849611734e-162,0.244009559434854,3.9652355030641e-47,1.84248279740147e-134,7.15710864972724e-13,1.42382188093475e-167,0.382030338271297,0.373960102293133,1.42868559652124e-134
"52",8.42306525710702e-172,0.244010019855566,8.91829800120789e-47,1.2572144165445e-171,2.22316762789429e-21,8.10144383066043e-183,0.382030066637206,0.373959913507228,9.74860732045464e-172
"53",3.65362292298418e-180,0.244010094580058,6.61762770111484e-48,8.5790899687537e-172,5.27570429781887e-18,7.70179479936214e-191,0.382030022551769,0.373959882868173,6.6523401395685e-172
"54",4.32988447138315e-175,0.244009945386386,1.24785940033274e-43,4.12114147500475e-171,2.88829447531266e-22,6.81876499972484e-186,0.382030110571989,0.373959944041625,3.19558775521236e-171
"55",8.5508169677541e-186,0.244011316090783,7.7558959760626e-52,8.77163746447303e-189,3.17545266839313e-20,4.72199412601568e-196,0.382029301899951,0.373959382009265,6.80164402135691e-189
"56",3.12775706470498e-142,0.244008361102854,6.58455795703254e-29,1.56176575179089e-116,6.43385859211446e-18,4.40505614892923e-143,0.38203104525265,0.373960593644496,1.21101387642298e-116
"57",3.50649618947072e-190,0.244010509829047,2.19150981599893e-52,1.55394382632632e-167,1.04396798741338e-13,3.69280633411692e-199,0.38202977756762,0.373959712603229,1.20494865168164e-167
"58",8.51819743573148e-160,0.24400973963882,1.26586814501338e-43,5.81451990339931e-159,4.77232467830058e-22,6.48872872797972e-170,0.382030231957281,0.373960028403899,4.50865584655038e-159
"59",3.83229351188107e-172,0.244009376614869,1.16560915465076e-46,9.2249494262755e-147,2.20229078860364e-14,5.35151800996211e-179,0.382030446128889,0.373960177256221,7.15314812846248e-147
"60",3.88772358404955e-177,0.244010176433575,1.15252939536872e-49,9.71750150339852e-170,7.15848545248691e-19,1.74534608659294e-186,0.382029974260945,0.373959849305479,7.53507954139873e-170
"61",5.17830553102385e-152,0.244008463455832,8.49824243586877e-30,2.39312504727072e-133,3.06008309221278e-21,2.86972006779646e-151,0.382030984868436,0.373960551675732,1.85566089980968e-133
"62",6.82603912320026e-159,0.244009325150479,9.0598934187353e-40,3.21512426408074e-141,4.0967872120389e-17,1.29337562641847e-166,0.382030476492468,0.373960198357052,2.49304999406039e-141
"63",8.77366847847334e-178,0.244010206782812,1.31996803971756e-48,4.23609343967922e-176,6.05489433192227e-22,3.29761223049158e-189,0.382029956355866,0.373959836861322,3.28472303313945e-176
"64",1.74666741091442e-178,0.244010030597138,8.8004337683417e-45,1.08472683571999e-166,5.93531418270751e-20,1.32475219032642e-187,0.3820300603003,0.373959909102562,8.41111574305531e-167
"65",2.62909954529818e-157,0.244009288073995,1.89683102722924e-43,2.92657627045207e-137,2.38434589882142e-17,3.13869975536632e-164,0.382030498366386,0.373960213559619,2.26930605301312e-137
"66",2.84022469103628e-160,0.244009452721361,4.0477587198148e-36,1.66508461373735e-162,1.38133302786599e-24,2.06165202306634e-170,0.382030401229804,0.373960146048835,1.29112869221396e-162
"67",1.77448974863267e-169,0.244009804707966,4.10989517353483e-45,2.45633388457022e-158,1.17924310697439e-19,5.60338486336354e-179,0.382030193567846,0.373960001724188,1.90467387054136e-158
"68",1.4044381270739e-206,0.244012250340531,3.00492977662595e-57,4.20674752183178e-214,1.55811320037284e-21,4.85087600432174e-221,0.382028750721431,0.373958998938038,3.26196781924846e-214
"69",7.57232905888217e-160,0.244009233402497,4.26294301943348e-46,4.14309389644597e-124,2.49952003222462e-10,9.25663428155828e-164,0.38203053048907,0.373960235858481,3.21260995393578e-124
"70",3.70889064980899e-186,0.244010557519236,5.60577023334052e-54,2.84367651965534e-170,1.02571061411351e-15,9.75752915087089e-195,0.382029749431989,0.373959693048774,2.20502448681043e-170
"71",7.32835893437745e-144,0.24400862376974,6.04219390090978e-30,4.54527441462665e-113,8.72705098603085e-16,4.44040640524939e-144,0.38203089028729,0.373960485942969,3.52446606154046e-113
"72",9.94030423820535e-173,0.244010062628438,2.34234306023802e-47,1.95405273724939e-170,2.61589218913331e-21,1.5917243955534e-183,0.382030041402651,0.373959895968912,1.51519840754464e-170
"73",1.52572139298593e-157,0.244009189412838,1.25445402431562e-39,4.76141776128101e-133,5.3814893095246e-16,5.45589250893628e-164,0.3820305565735,0.373960254013662,3.6920664790773e-133
"74",4.03720587418374e-174,0.244010531240495,1.68356109654731e-49,6.00456392822538e-161,3.93762307854776e-17,1.51136356556131e-181,0.382029764936943,0.373959703822562,4.65601850380659e-161
"75",2.33007689202815e-146,0.244008906258407,1.18573836020615e-33,7.36375924137645e-131,5.50893459914137e-21,7.35937832011374e-153,0.382030723626966,0.373960370114627,5.7099565755741e-131
"76",3.76216196871655e-192,0.244010768846135,8.85738136146016e-56,9.66195074394896e-186,2.79279740920102e-19,2.83653677031845e-203,0.382029624755612,0.373959606398252,7.49200474579504e-186
"77",6.3768760687182e-179,0.244010673470894,2.93744276171536e-50,1.24951752889e-170,8.67304338151097e-19,1.65710572474274e-187,0.382029681025119,0.373959645503986,9.68892463280336e-171
"78",2.0363973720924e-133,0.244008888993485,1.55090266060127e-28,9.26424778136147e-121,2.31829400410932e-20,5.14280922227658e-141,0.382030733814306,0.373960377192209,7.18362059417965e-121
"79",2.37565598348146e-180,0.244010463719752,3.53404010051462e-50,3.33696770258801e-178,4.41405441905466e-19,7.56591713375319e-191,0.382029804770871,0.373959731509377,2.58752901219367e-178
"80",2.55094390960657e-145,0.24400883330016,4.05754938642139e-33,1.85337525786456e-132,1.41681036809406e-20,4.1860082852474e-152,0.382030766670232,0.373960400029608,1.43713175482255e-132
"81",3.81014975408845e-191,0.244011049491986,3.53753368052815e-54,1.40098742858466e-187,1.60344405605146e-18,5.90149955467632e-201,0.382029459183893,0.373959491324122,1.08634423233103e-187
"82",3.99142091858407e-202,0.244011801596577,3.86689375003631e-58,2.27493843406507e-204,4.75876423364686e-19,1.87815182198992e-213,0.382029015466136,0.373959182937287,1.76401743251291e-204
"83",9.7880529600763e-188,0.244010686945605,3.62512647747013e-53,2.00930608422391e-190,5.84000221478877e-21,5.07445334837785e-200,0.382029673074309,0.373959639980086,1.55804258557084e-190
"84",4.59831672740319e-182,0.244010514404891,4.25471170865902e-51,1.49667057241795e-177,5.55515778741012e-20,3.41604941816314e-192,0.382029774868436,0.373959710726673,1.16053821103047e-177
"85",2.55205360741976e-155,0.244009319950882,1.0153887484774e-43,9.39360191480292e-134,1.83473393996522e-16,8.76989866681983e-162,0.382030479560384,0.373960200488735,7.28392350477342e-134
"86",1.83437683644514e-188,0.244010956997471,7.53263179443512e-54,1.93075055559075e-177,1.19229362237073e-16,9.11699709358059e-197,0.382029513752875,0.373959529249654,1.49712958684782e-177
"87",8.02023000868732e-163,0.244009694375782,7.75722474120648e-44,3.36521158771413e-154,4.7341396449309e-21,3.87210391365881e-172,0.382030258660832,0.373960046963387,2.60942969529713e-154
"88",8.90825475226784e-215,0.24401317848623,5.28759287740889e-61,2.14537306451614e-205,2.55479750133604e-16,1.42875764226159e-226,0.382028203146324,0.373958618367445,1.66355072663996e-205
"89",8.53661079435548e-182,0.244010193926969,6.03962598042279e-53,3.40936534313305e-162,4.26147715543946e-15,6.31818116848988e-190,0.382029963939954,0.373959842133072,2.64366710282588e-162
"90",1.14547904971182e-176,0.2440102668398,2.81946345866378e-49,2.5554182142637e-173,6.1814068696212e-21,2.49698725315314e-187,0.382029920924226,0.373959812235973,1.98150517386408e-173
"91",1.17690431982444e-174,0.244009866957143,4.67976414148376e-44,3.14198441817583e-161,1.69215919981169e-19,1.08060457767933e-183,0.382030156842769,0.373959976200087,2.43633638754883e-161
"92",5.2821056649555e-195,0.244010926747269,1.68810248559209e-56,2.4549877582237e-188,1.71532509663334e-17,3.6880952583436e-205,0.382029531598864,0.373959541653866,1.90363006631964e-188
"93",1.16774767763825e-173,0.244010303760899,2.25708311521555e-46,2.53491861320628e-178,4.708077720673e-24,1.50691919238233e-185,0.382029899142393,0.373959797096708,1.96560951133389e-178
"94",6.73546894922125e-188,0.244010902072408,2.23435815140665e-52,6.90497578713106e-192,7.63461447918329e-21,1.4780105175592e-199,0.382029546156615,0.373959551770978,5.35420980066413e-192
"95",4.78282198561069e-167,0.244009643462592,1.14973250180256e-46,1.89394163534138e-147,1.36786836003469e-16,1.68657593178788e-174,0.382030288697517,0.373960067839891,1.46858746191838e-147
"96",7.11236563491396e-154,0.244009488805556,1.70488594400446e-40,3.74650258433367e-131,5.51004736618308e-15,1.17858554125605e-159,0.382030379942337,0.373960131252102,2.90508779084182e-131
"97",1.77766425547588e-213,0.244013063582872,8.85760749942704e-60,4.74000702695273e-213,1.27807411804039e-19,9.14157516424604e-227,0.382028270935479,0.373958665481649,3.67546431172525e-213
"98",7.30374396164608e-171,0.244010034484941,4.19047356431394e-46,3.28688395681893e-174,2.2230718661725e-23,1.85793818832211e-182,0.382030058006597,0.373959907508462,2.54869341150256e-174
"99",4.28253686820912e-183,0.244010818412547,6.02976520571603e-51,1.42120534729364e-181,1.18040129740267e-20,3.80698945511158e-193,0.3820295955139,0.373959586073553,1.1020214746325e-181
"100",9.13170809724219e-171,0.244009846170299,5.31745097302195e-48,8.74076978310479e-158,2.34770067272668e-18,2.80031248483089e-179,0.382030169106133,0.373959984723568,6.77770881184992e-158
"101",3.68453950741522e-173,0.24400961037286,1.38906663763948e-45,1.17052027784231e-143,1.14204994507194e-12,2.06372196607608e-179,0.382030308218609,0.37396008140739,9.07636947138864e-144
"102",1.69739409482856e-163,0.24400939417091,2.36537002326362e-41,1.00328895095896e-141,1.16747791518824e-16,8.04723296389384e-171,0.382030435772251,0.373960170056839,7.77963558414507e-142
"103",4.38766748401663e-182,0.2440099233568,3.33952060031895e-49,9.28838063589395e-152,1.2315542262383e-11,8.30807467711016e-189,0.382030123561625,0.37395995306926,7.20233352963944e-152
"104",7.04703388079635e-133,0.244008436054016,4.49298487598656e-22,1.82574290443447e-132,3.42821637991292e-27,1.92403013990462e-136,0.382031001035229,0.373960562910755,1.41570526150645e-132
"105",1.32463953748568e-164,0.244009807272055,7.92386899670853e-42,7.61087576896563e-174,2.9057568742027e-25,6.48383927990557e-177,0.382030192055512,0.373960000672434,5.90157400838103e-174
"106",1.22208431618606e-181,0.244010153899837,5.2106545363289e-46,7.71492913221021e-166,5.57375888387443e-17,3.60499647769886e-190,0.382029987555457,0.373959858544706,5.98225836621969e-166
"107",1.82532374547926e-184,0.244010301104319,2.88560839595921e-54,6.41915616278335e-163,7.23896662005373e-14,2.62376261629189e-192,0.382029900708535,0.373959798187074,4.97749882089715e-163
"108",9.63727473707175e-176,0.244010751542221,1.96900193523441e-49,1.65569951042958e-169,1.19649274768888e-19,2.4885601910947e-184,0.382029634966031,0.373959613491748,1.28385135864179e-169
"109",8.88611025771075e-190,0.244010676160718,8.4626605545582e-50,6.78339805857859e-173,3.61166870256014e-16,8.59237438169515e-200,0.382029679437625,0.373959644401657,5.2599368175537e-173
"110",1.25515875506958e-170,0.244009472877385,1.42126544218123e-46,2.95946181063243e-137,6.22587963514858e-11,3.86731269558937e-176,0.382030389304393,0.373960137755963,2.29480593700432e-137
"111",1.85212715293394e-158,0.244009453671322,6.6901135439578e-42,2.29868799818233e-143,4.05168094809306e-19,1.31963751356152e-166,0.382030400669214,0.373960145659464,1.78243315950142e-143
"112",2.74155134937723e-146,0.244008908643884,4.82818501750517e-35,2.03015061212936e-128,7.90934956066794e-20,1.91231077768054e-153,0.382030722219541,0.373960369136575,1.57420570895349e-128
"113",1.30021115915437e-153,0.244008978423936,1.24154079382257e-37,5.84908473467369e-133,4.41668849935318e-18,2.71762014510267e-160,0.382030681050625,0.373960340525439,4.53545787512701e-133
"114",3.27908276609942e-176,0.244010599948444,3.92038892847989e-47,7.34712306165135e-190,9.59674638334266e-25,1.2346232555731e-188,0.38202972440111,0.373959675650446,5.69705666118254e-190
"115",1.03023595419088e-180,0.244010663517547,2.45125307345763e-51,4.38851224020971e-167,4.98381281842543e-15,2.39163702963476e-188,0.382029686897087,0.373959649585361,3.40291059248278e-167
"116",5.5757439312429e-155,0.244009218409605,2.75654895707931e-38,1.86100225174622e-136,8.37910701084896e-18,2.44998608606815e-162,0.382030539466611,0.373960242123785,1.44304582702928e-136
"117",2.34384351395501e-149,0.244009175444896,1.06116516491503e-36,6.92829646085335e-143,1.1998542317701e-21,7.77519469039028e-159,0.382030564814935,0.373960259740169,5.37229296035236e-143
"118",8.12392661428868e-170,0.244009897263432,2.06404838249773e-45,7.08342092290032e-165,1.62129014054429e-21,2.88615411646117e-180,0.382030138963019,0.373959963773549,5.49257852551865e-165
"119",2.65150947286789e-183,0.244010748632019,1.7805335974444e-52,1.88686328010156e-167,4.57199157586601e-15,9.60730231465983e-191,0.382029636682114,0.373959614685862,1.46309881139071e-167
"120",3.84706804536704e-166,0.244009651722676,4.73130056134308e-46,1.05477531298023e-149,5.72224481358861e-18,4.17890564231827e-174,0.382030283824416,0.373960064452908,8.17886766349372e-150
"121",1.54405975638618e-175,0.244009944671188,1.25955438756583e-50,5.38429986388274e-153,2.74310434479985e-14,8.8527805537226e-183,0.38203011099335,0.373959944335435,4.1750575222355e-153
"122",2.37964912430757e-163,0.244009513230056,2.17032890035225e-44,2.96592866122545e-142,2.83425471116783e-16,1.51801838718968e-170,0.382030365530946,0.373960121238998,2.29982041871895e-142
"123",1.52501035858053e-180,0.244010252221623,5.16370131478327e-52,5.65934802117021e-165,9.66173543893519e-17,2.89952523034054e-189,0.382029929548119,0.373959818230258,4.38833351114597e-165
"124",1.90444912642556e-194,0.244011165179216,5.08622833592656e-55,1.53181872264073e-197,9.08840566576289e-20,2.39343290354476e-206,0.382029390931538,0.373959443889246,1.18779255285579e-197
"125",1.16237509504778e-186,0.244010602055923,2.17609272682339e-53,5.72546304674308e-177,8.42896259569942e-18,4.33012100005403e-196,0.382029723156758,0.373959674787319,4.43959997880732e-177
"126",1.72062947525241e-164,0.244009821495197,3.78411952902273e-46,8.8925261971197e-152,6.91534860812824e-19,1.78096320879486e-172,0.382030183664293,0.37395999484051,6.89538274790437e-152
"127",9.45585969574464e-207,0.244012199135099,3.42941251893071e-60,2.38337471641165e-207,1.23964152621126e-18,1.84581172360783e-217,0.382028780931464,0.373959019933437,1.84810036395051e-207
"128",9.81065620156458e-164,0.244009419316796,5.43527252782255e-47,4.3557455297219e-134,1.47356540906908e-12,5.50136985330101e-169,0.382030420935862,0.373960159745869,3.37750285061113e-134
"129",5.515703245832e-152,0.244009334653386,1.51836785417702e-38,4.03671940656784e-148,1.77723646188159e-23,5.90126104957767e-162,0.382030470886747,0.373960194459866,3.13012576372216e-148
"130",2.95986411592631e-165,0.244009489902844,1.07863251588038e-42,2.81179462474267e-147,4.92668424858456e-18,1.71576243639553e-173,0.382030379293202,0.373960130803953,2.18030284267037e-147
"131",5.78696451901065e-176,0.24400995666654,5.67641385451972e-47,1.62198459311632e-161,3.25834215934583e-18,1.68093261983446e-185,0.382030103916709,0.373959939416751,1.25770836462237e-161
"132",2.01722339640205e-165,0.244009813324038,3.81912081172564e-47,1.89899502836765e-145,7.33290962761015e-16,3.53875448035403e-172,0.382030188484918,0.373959998191043,1.47250592989017e-145
"133",2.04208766305083e-161,0.244009385575483,1.25131196889622e-36,7.05276905888885e-147,1.12628897691538e-19,1.40447762515438e-167,0.382030440843963,0.373960173580553,5.46881066365233e-147
"134",1.2981843485567e-169,0.244009832017584,4.66365656458535e-44,1.0107397126219e-165,2.60830039293651e-22,2.08230997878901e-180,0.382030177456069,0.373959990526347,7.83740977821604e-166
"135",2.54472195903081e-170,0.244009987764596,7.70397542386331e-49,4.64996847798002e-147,1.29715186843334e-13,1.86663905924491e-176,0.382030085570128,0.373959926665146,3.60564722674057e-147
"136",1.88285797559356e-162,0.244009571873681,1.9883801877013e-40,1.3850067711991e-157,1.51582359951322e-22,7.43989202008958e-173,0.382030330933321,0.373960097192998,1.07395261865524e-157
"137",5.33641701528555e-139,0.244008709354485,1.13005110399732e-26,4.20131479357363e-133,4.72588927951167e-24,6.90404818465118e-144,0.382030839795313,0.373960450850202,3.25775520970704e-133
"138",1.7926886935371e-155,0.244009171234255,4.98294998964074e-38,1.37567879516211e-144,2.61267826689746e-20,5.84429361159998e-164,0.382030567298494,0.373960261467251,1.06671958232646e-144
"139",1.88987483826654e-158,0.244009152471525,2.45009673783999e-40,1.66225016715843e-129,5.07108297553086e-14,4.65866938186985e-164,0.382030578367573,0.373960269160851,1.28893082474561e-129
"140",8.70285796686984e-130,0.244008464930394,4.80556467239236e-25,1.51060073841258e-110,3.15787912765483e-20,4.17852561057687e-136,0.382030983998672,0.373960551070933,1.17133984648766e-110
"141",2.74085049251469e-161,0.244009102384747,1.92093263879914e-44,9.32599170161714e-128,6.94155654027196e-12,5.16608218368782e-166,0.38203060791312,0.373960289695191,7.23149764880748e-128
"142",1.63393839628757e-185,0.244010213031779,2.04605849001176e-48,1.38856488444711e-156,3.89876523266142e-12,4.11615138554459e-192,0.382029952667086,0.373959834297236,1.07671162685624e-156
"143",4.36336081340239e-141,0.244008729829033,6.33288091567685e-30,1.19517064810432e-121,2.12896144969937e-20,6.1590156256149e-145,0.382030827715655,0.373960442455312,9.26751171158711e-122
"144",3.85515146627854e-164,0.24400952154568,5.21083551222876e-40,2.72834659340599e-158,1.27117151176468e-21,5.37550808202104e-174,0.382030360625216,0.373960117829104,2.11559613246558e-158
"145",9.08270855368037e-145,0.244008329761697,1.69987695522774e-27,2.16273529623588e-118,3.25493250044415e-19,3.30691444563611e-143,0.382031063743617,0.373960606494686,1.67701363137721e-118
"146",5.89256685757954e-181,0.244009895995277,5.01335818782698e-48,6.84847319247605e-159,1.41976681762183e-15,3.33464462906068e-189,0.382030139710595,0.373959964294127,5.31039693941868e-159
"147",2.60260480379292e-192,0.2440107090446,8.08402208016737e-57,3.26405844059113e-176,2.01997615306005e-15,9.65707554099462e-202,0.382029660036548,0.37395963091885,2.53099420350246e-176
"148",4.3719934012248e-152,0.24400905705418,1.63691192066631e-41,1.99337596839278e-124,1.82188815581557e-14,1.15921595335482e-157,0.38203063466136,0.373960308284442,1.54569016248665e-124
"149",3.06066464180584e-159,0.244009537643803,3.31087057890303e-40,3.34555112852116e-159,3.6193132894671e-23,5.32214999663603e-170,0.382030351127935,0.373960111228262,2.59418471449753e-159
"150",2.06271763906566e-149,0.244008873212878,1.58927763064958e-29,2.7733653267171e-134,4.43091172586702e-22,1.71018424848245e-152,0.382030743123393,0.373960383663729,2.15050425532346e-134
"151",3.16829191350736e-174,0.244009921803258,7.79091558097667e-45,2.65301052486295e-170,3.37506849378222e-21,3.88834002811529e-185,0.382030124485142,0.373959953711599,2.05717954579364e-170
"152",9.824569842295e-161,0.24400952712964,8.71694798278104e-40,1.36127339604223e-156,6.8128709008244e-23,3.78432433085936e-171,0.382030357331027,0.373960115539333,1.05554944480131e-156
"153",1.46723141762138e-172,0.244009989418449,1.00507774052355e-47,5.6775016078571e-168,1.50672445491921e-20,1.50948694298889e-182,0.382030084594252,0.373959925987298,4.40241004301988e-168
"154",7.54843497751998e-171,0.24400984903953,1.66814441501379e-44,1.51394720751806e-163,3.53234011673722e-21,2.89066488505808e-181,0.382030167413579,0.373959983546891,1.17393474301366e-163
"155",4.12979725697313e-169,0.244010313646428,2.6892586265327e-47,3.24329859723514e-162,1.75317310750056e-19,1.66566671594257e-177,0.382029893310889,0.373959793042683,2.51489674564257e-162
"156",3.6348917767967e-165,0.244009732412969,3.5498720122791e-46,1.81120933435557e-148,4.23833357236508e-17,6.43693362755753e-173,0.38203023621987,0.373960031367161,1.40443573851983e-148
"157",1.53207502597891e-189,0.244011105174304,4.29710459830868e-55,3.09361768489381e-171,1.52468958171272e-13,3.10041041938335e-196,0.382029426333358,0.373959468492185,2.39883218111159e-171
"158",1.37299241886209e-160,0.244009784055667,1.77518623116258e-44,7.6147803552238e-154,5.35011137382972e-21,8.47574200028933e-170,0.382030205752832,0.373960010191502,5.9046016763491e-154
"159",1.27895924848388e-189,0.244010999907494,1.17713774671957e-53,1.41197457610269e-186,7.13391623420509e-20,4.05477502457941e-200,0.382029488437199,0.373959511655306,1.0948638122305e-186
"160",2.02383925352577e-169,0.244009552345391,5.6193639239693e-40,1.16108530150547e-146,7.55359090560145e-17,6.55513373062613e-174,0.382030342454588,0.373960105200021,9.00320941358526e-147
"161",8.56726372015315e-185,0.244010232040624,4.20519260791718e-54,1.60142595017624e-162,8.55199180821223e-14,3.57749755567435e-192,0.382029941453844,0.373959826505447,1.24176692023334e-162
"162",5.52566220425999e-168,0.244009745489537,4.76987926987085e-46,7.2977682150881e-154,8.41599208439496e-19,1.36480569964639e-176,0.382030228504855,0.373960026005608,5.65878625860246e-154
"163",5.56500408243777e-157,0.244009066567736,1.40671324406852e-33,8.76920554242656e-133,1.24408710961017e-17,3.64554463613384e-159,0.38203062904938,0.373960304382884,6.79975827674939e-133
"164",6.01054414886107e-160,0.244009338038482,1.354610338846e-38,9.1304322020843e-143,5.31337891882986e-18,3.03294125058184e-167,0.382030468889041,0.373960193072477,7.0798582193162e-143
"165",5.95302577781313e-161,0.24400909189797,1.51130911446451e-39,1.87986696927198e-136,2.31297189050588e-16,6.58212758459403e-167,0.382030614103955,0.373960293998074,1.45767377918682e-136
"166",2.58096190090361e-164,0.244009408751211,6.42081995396231e-40,2.35463748949512e-149,1.53396487488817e-19,2.80599102689897e-172,0.382030427170371,0.373960164078418,1.82581713707994e-149
"167",3.59601179449634e-183,0.244011108736287,3.89317238890125e-51,1.27156738976679e-182,7.80592672026743e-21,6.54832453164134e-193,0.382029424232553,0.37395946703116,9.85990217834348e-183
"168",7.39988220980563e-146,0.244008671735948,3.68614937631689e-33,5.51306063691343e-112,6.47291547773345e-14,2.93288002794171e-147,0.382030861988019,0.373960466275968,4.27490033329749e-112
"169",7.6874935745424e-184,0.244011090023876,1.31782308566806e-53,1.0146103128824e-164,1.80312760946567e-13,6.77829072219159e-190,0.382029435272237,0.373959474703706,7.86742292596362e-165
"170",6.05268369473436e-155,0.24400900736946,1.95281427007078e-36,1.59357144287679e-131,1.78303612571512e-17,4.30102244529398e-160,0.382030663973753,0.373960328656786,1.23567643110512e-131
"171",6.94300124354169e-152,0.244009233141222,2.35109868773143e-40,3.39336449644833e-135,4.4963624656446e-19,1.53870213439326e-159,0.382030530775689,0.373960236083089,2.63125983409977e-135
"172",7.63818442838039e-166,0.244009775577505,1.38268505530808e-46,8.31734337361547e-150,9.98293638073264e-18,9.77518025150007e-174,0.382030210754107,0.373960013668388,6.44937835835682e-150
"173",4.11601173454256e-190,0.24401115444205,3.71965502818478e-53,7.43348851796912e-193,3.60708247573028e-21,4.3759068012976e-201,0.382029397266933,0.373959448291017,5.7640255814092e-193
"174",2.32779624415472e-173,0.244009761826898,1.11066324034721e-41,3.19910166043589e-155,2.65246374490852e-18,1.82750882921342e-179,0.382030218866817,0.373960019306285,2.48062585469884e-155
"175",1.15342259942836e-193,0.244011447780348,9.23435119689813e-55,2.02362969532217e-194,4.0329428301508e-18,5.41365926211594e-204,0.382029224206585,0.373959328013068,1.56914930357935e-194
"176",2.03557654599526e-157,0.244008750495943,2.07160373361841e-39,4.82469860968578e-126,4.84164746212e-14,6.33840210367486e-162,0.382030815520727,0.373960433983281,3.74113528817504e-126
"177",3.88423317845799e-189,0.244010432955439,2.33695100777282e-55,5.71675534972706e-171,1.06626960128703e-14,2.78201851005321e-197,0.382029822920341,0.373959744124209,4.4328479150577e-171
"178",1.31110747410724e-150,0.244009022844684,5.79520679177268e-34,2.0270994495614e-139,1.63441160078183e-21,1.66668817926565e-157,0.38203065484434,0.373960322310976,1.5718397970331e-139
"179",9.33226872289881e-156,0.244009478471878,2.22104999257812e-39,4.2941168703862e-159,1.54234478491491e-24,7.22645657139809e-167,0.38203038603783,0.373960135490292,3.32971517082926e-159
"180",6.94593116757665e-170,0.244010167659001,1.96796293765007e-47,5.45806392591732e-162,9.98257191585871e-19,4.46709414654176e-178,0.382029979438527,0.373959852902472,4.2322551542125e-162
"181",1.12146065672226e-190,0.244010688919198,3.31056793514024e-56,4.79237505987452e-170,3.76319887702713e-13,1.89349693832676e-198,0.382029671909736,0.373959639170689,3.71607117896929e-170
"182",2.03210163744523e-160,0.244009409548384,2.4096292181148e-39,1.06319104535886e-151,1.34751795630514e-21,7.10566953398636e-170,0.382030426700295,0.373960163751321,8.24412436847072e-152
"183",6.7390301016393e-184,0.2440106163441,9.6132492781471e-52,2.90496358263658e-180,1.93499238085496e-20,2.23562079502449e-194,0.382029714727469,0.373959668928432,2.25254728824872e-180
"184",3.21448396703443e-158,0.244010167955319,3.6736400047412e-39,6.00754014088842e-178,2.7782966720796e-28,2.40395462297645e-171,0.382029979264605,0.373959852780076,4.6583262985767e-178
"185",8.16196243425406e-154,0.244008994271449,4.06213240152925e-39,2.37783042488114e-131,2.57860721810441e-17,1.63392678069699e-160,0.382030671700999,0.373960334027552,1.84380124676812e-131
"186",7.12823347310612e-219,0.244018201325721,6.74476622768584e-53,2.0760920425961e-194,2.74641847013322e-17,9.02982916496897e-222,0.382025239851588,0.373956558822691,1.60982930342286e-194
"187",6.45860686297862e-167,0.244010003175243,1.47037741507466e-46,2.83681552496475e-157,1.76140918146447e-18,1.50374422108492e-175,0.38203007647869,0.373959920346068,2.1997043805353e-157
"188",2.47701418007819e-161,0.24400931766391,8.09177716369474e-42,2.04713201154722e-146,1.11811325600441e-18,1.62501364782905e-169,0.382030480908952,0.373960201427137,1.58737331127319e-146
"189",1.85402164238153e-187,0.244010716837184,8.10923139844379e-54,3.73575273888542e-176,2.25170328856782e-17,1.0820047637403e-196,0.382029655439525,0.373959627723291,2.89675221811441e-176
"190",1.70301315834096e-149,0.244008697412564,1.52004287146827e-37,2.50364938012092e-122,5.39556306404088e-16,6.07796955517039e-155,0.382030846838926,0.373960455748509,1.94136293329999e-122
"191",2.02086996891103e-147,0.244008989898862,7.0394612508584e-31,1.46469119534311e-137,3.39668019256888e-22,4.65877422752772e-153,0.382030674281911,0.373960335819227,1.13574097792904e-137
"192",6.07268558412862e-181,0.244009931403696,2.44607891117501e-51,6.73669596546023e-164,5.35222971630577e-16,1.67222884980574e-189,0.38203011882038,0.373959949775924,5.2237233951762e-164
"193",2.62795554254049e-183,0.244010717854019,4.18364712089461e-52,5.8451375296596e-171,8.9923405557547e-17,1.26523616338743e-191,0.382029654840096,0.373959627305885,4.53239716001037e-171
"194",2.90924082010385e-161,0.244009822310939,2.45055235060271e-45,1.80763692448491e-148,5.33096316299083e-19,3.02173030221325e-169,0.382030183183464,0.373959994505597,1.40166564452803e-148
"195",2.03821677533023e-168,0.244010491553981,1.4630963056598e-46,6.63997992998884e-163,1.6797275568797e-19,3.8035928632128e-177,0.382029788351462,0.373959720094557,5.14872849860214e-163
"196",1.62656205037766e-151,0.244009254465985,1.2767147798024e-37,1.91767854792398e-147,5.52929340345761e-23,3.47906743797904e-161,0.382030518194857,0.373960227339158,1.48699337873914e-147
"197",5.89088033317552e-179,0.244010270855718,2.74451477437473e-50,1.37881222496433e-173,7.11088191600871e-21,1.48133784921958e-189,0.38202991855479,0.373959810589492,1.06914928535135e-173
"198",2.84363058320112e-168,0.244009621597394,1.10316394432448e-40,2.37963640151071e-158,4.93757895828918e-21,3.94922514697941e-177,0.382030301597675,0.373960076804931,1.84520162499796e-158
"199",5.64660678251674e-151,0.244008987672415,6.30135893380185e-39,2.99961332795905e-131,2.75885644570041e-18,4.28558021828408e-158,0.382030675594534,0.373960336733052,2.32593995603772e-131
"200",3.91022117463654e-171,0.244009477938415,2.71722981763453e-42,9.58316370181453e-140,7.48123890506749e-13,9.23416944780426e-175,0.382030386351541,0.373960135709296,7.43091222843277e-140
"201",3.0372974321652e-178,0.24401029471266,1.93545571483265e-50,1.51539323751228e-168,2.32845341956736e-17,1.44434558902319e-187,0.38202990447998,0.37395980080736,1.17505601384876e-168
"202",1.45721169504806e-133,0.244008322716486,5.51404432795374e-25,5.64024059077001e-110,7.07806639534141e-20,6.80892479523368e-135,0.382031067900507,0.373960609383007,4.37351735620666e-110
"203",3.10964610855341e-160,0.244009336758238,5.80884162695864e-40,1.49964443712315e-148,3.18615391275859e-20,4.14555881535386e-169,0.38203046964411,0.373960193597652,1.16284418516294e-148
"204",2.19570002384771e-185,0.244010145919363,8.0828490824124e-51,2.65601474505617e-164,3.30047006767142e-15,2.16817729647403e-194,0.382029992262958,0.373959861817675,2.05950905797409e-164
"205",1.10721278660517e-169,0.24400986404559,2.57682925086429e-46,5.4071376797052e-159,7.2076640809205e-20,4.9098955901368e-179,0.382030158560478,0.373959977393932,4.19276626750443e-159
"206",1.07770542798732e-157,0.244009402883313,1.42207208195952e-36,1.03461897111233e-156,4.14719756719608e-24,6.74275896255301e-168,0.382030430632854,0.373960166483832,8.02257271547121e-157
"207",7.0811384257123e-162,0.24400994638752,1.64280703075653e-44,1.48048394463906e-159,1.45224636408741e-21,1.30610238575294e-171,0.382030109982185,0.373959943630295,1.14798688518006e-159
"208",1.23398759142077e-185,0.244010437426813,5.98631820235743e-49,4.1542190185878e-188,4.2688547856508e-22,9.386205121349e-199,0.382029820282795,0.373959742290392,3.2212365211884e-188
"209",2.04388924524113e-181,0.244010321830978,1.04435447761655e-41,3.40906234233726e-175,4.6844547886513e-20,1.33886189923445e-189,0.382029888481834,0.373959789687188,2.64343215199036e-175
"210",1.07789754738242e-176,0.244010136777664,8.83998446244427e-46,5.57718822992724e-176,3.24385120278434e-22,2.29382814063355e-188,0.382029997656997,0.373959865565339,4.32462571939477e-176
"211",4.0568882380894e-169,0.244010149985507,1.79190205978801e-45,1.25674285639474e-175,6.26321132079154e-24,1.04734153021079e-180,0.38202998986493,0.373959860149563,9.74495078051405e-176
"212",3.08743270717001e-135,0.244008407350017,6.63839386544892e-27,9.80962322453786e-112,5.66218716751363e-19,7.46159193547042e-139,0.382031017968842,0.373960574681141,7.60651194570889e-112
